51
11111111111111111
11111111111111111
11111111111111111
00000000000000000
00000000000000000
00000000000000000
00000000000000000
00000000000000000
00000000000000000
45
11111111111111111
00111111111111100
00001111111110000
00000011111000000
00000000100000000
00000000000000000
00000000000000000
00000000000000000
00000000000000000
65
11111111111111111
11111111111111100
11111111111110000
11111111111000000
11111111100000000
00000000000000000
00000000000000000
00000000000000000
00000000000000000
65
11111111111111111
00111111111111111
00001111111111111
00000011111111111
00000000111111111
00000000000000000
00000000000000000
00000000000000000
00000000000000000
50
11111111111111111
11111111111111111
01110111011101110
00100010001000100
00000000000000000
00000000000000000
00000000000000000
00000000000000000
00000000000000000
60
11111111111111111
11111111111111111
11110111110111110
11100011100011100
01000001000001000
00000000000000000
00000000000000000
00000000000000000
00000000000000000
59
11111111111111111
11111111111111111
11111111111111111
01010101010101010
00000000000000000
00000000000000000
00000000000000000
00000000000000000
00000000000000000
52
11111111111111111
11111111111111111
10101010101010101
10101010101010101
00000000000000000
00000000000000000
00000000000000000
00000000000000000
00000000000000000
62
11111111111111111
11111111111111111
00000111111100000
00000111111100000
00000111111100000
00000111111100000
00000000000000000
00000000000000000
00000000000000000
67
11111111111111111
11111111011111111
11111110001111111
11111000000011111
11111000000011111
00000000000000000
00000000000000000
00000000000000000
00000000000000000
54
11111111111111111
11111111011111111
11111100000011111
11110000000000111
11000000000000001
00000000000000000
00000000000000000
00000000000000000
00000000000000000
47
11111111111111111
11110001110001111
11000000111000011
00000001110000000
00000000111000000
00000001110000000
00000000111000000
00000000000000000
00000000000000000
52
11111111111111111
10000000000000001
11100000000000111
11111000000011111
11111111111111111
00000000000000000
00000000000000000
00000000000000000
00000000000000000
46
11111111111111111
01111100000111110
00111100000111100
00011111111111000
00000000000000000
00000000000000000
00000000000000000
00000000000000000
00000000000000000
56
11111111111111111
11011101110111011
11011101110111011
11011101110111011
00000000000000000
00000000000000000
00000000000000000
00000000000000000
00000000000000000